【題目】

請撰寫一個 Java 程式，使用兩個巢狀的 for迴圈來產生並印出一個完整的 9x9 乘法表。

乘法表的每一列代表被乘數，每一行代表乘數。輸出格式應整齊對齊，每個乘法結果之間以單一空格分隔。每列的最後一個數字後面不需額外的空格，直接換行。

【輸入】

本題無任何輸入。

【輸出】
1 2 3 4 5 6 7 8 9
2 4 6 8 10 12 14 16 18
3 6 9 12 15 18 21 24 27
4 8 12 16 20 24 28 32 36
5 10 15 20 25 30 35 40 45
6 12 18 24 30 36 42 48 54
7 14 21 28 35 42 49 56 63
8 16 24 32 40 48 56 64 72
9 18 27 36 45 54 63 72 81
