a = 3.0+4.0i
b = 5.0+6.0i
a+b = 8.0+10.0i
a-b = -2.0-2.0i
a*b = -9.0+38.0i
a/b = 0.639344262295082+0.03278688524590164i